1,0.178578,4.58757e-41
2,0.178578,4.58757e-41
3,0.255981,0.355984
4,0.255981,0.355984
5,0.252675,0.39705
6,0.252675,0.39705
7,0.322003,0.392356
8,0.322003,0.392356
9,0.369531,0.471037
10,0.369531,0.471037
11,0.355556,0.472369
12,0.355556,0.472369
13,0.33515,0.376025
14,0.33515,0.376025
15,0.335347,0.396603
16,0.335347,0.396603
17,0.335975,0.472813
18,0.335975,0.472813
19,0.332313,0.501975
20,0.332313,0.501975
21,0.326737,0.388863
22,0.326737,0.388863
23,0.335653,0.409569
24,0.335653,0.409569
25,0.348738,0.364466
26,0.348738,0.364466
27,0.356297,0.430216
28,0.356297,0.430216
29,0.404397,0.418678
30,0.404397,0.418678
31,0.523272,0.491509
32,0.523272,0.491509
33,0.545122,0.454003
34,0.545122,0.454003
35,0.610219,0.512666
36,0.610219,0.512666
37,0.677656,0.569359
38,0.677656,0.569359
39,0.664709,0.601875
40,0.664709,0.601875
41,0.824297,0.570694
42,0.824297,0.570694
43,0.884484,0.460506
44,0.884484,0.460506
45,0.901962,0.636141
46,0.901962,0.636141
47,0.9096,0.490591
48,0.9096,0.490591
49,0.916578,0.462213
50,0.916578,0.462213
51,0.914581,0.695334
52,0.914581,0.695334
53,0.911578,0.736938
54,0.911578,0.736938
55,0.908309,0.521781
56,0.908309,0.521781
57,0.909669,0.390581
58,0.909669,0.390581
59,0.906309,0.731597
60,0.906309,0.731597
61,0.908728,0.666862
62,0.908728,0.666862
63,0.905262,0.575994
64,0.905262,0.575994
65,0.907209,0.647963
66,0.907209,0.647963
67,0.905681,0.615553
68,0.905681,0.615553
69,0.905869,0.522028
70,0.905869,0.522028
71,0.904516,0.617472
72,0.904516,0.617472
73,0.904975,0.666887
74,0.904975,0.666887
75,0.904072,0.745425
76,0.904072,0.745425
77,0.907163,0.607703
78,0.907163,0.607703
79,0.906469,0.68465
80,0.906469,0.68465
81,0.906191,0.674003
82,0.906191,0.674003
83,0.906166,0.568769
84,0.906166,0.568769
85,0.904947,0.672834
86,0.904947,0.672834
87,0.906737,0.721625
88,0.906737,0.721625
89,0.907538,0.616084
90,0.907538,0.616084
91,0.906434,0.501463
92,0.906434,0.501463
93,0.90964,0.469209
94,0.90964,0.469209
95,0.907919,0.589303
96,0.907919,0.589303
97,0.908497,0.488041
98,0.908497,0.488041
99,0.918556,0.813131
100,0.918556,0.813131
101,0.929628,0.838109
102,0.929628,0.838109
103,0.925134,0.848194
104,0.925134,0.848194
105,0.92186,0.845666
106,0.92186,0.845666
107,0.921575,0.859094
108,0.921575,0.859094
109,0.936638,0.784078
110,0.936638,0.784078
111,0.933128,0.76305
112,0.933128,0.76305
113,0.907272,0.752953
114,0.907272,0.752953
115,0.877597,0.741466
116,0.877597,0.741466
117,0.677778,0.731241
118,0.677778,0.731241
119,0.505087,0.711294
120,0.505087,0.711294
121,0.423006,0.671394
122,0.423006,0.671394
123,0.394969,0.615088
124,0.394969,0.615088
125,0.310312,0.577584
126,0.310312,0.577584
127,0.390138,0.564222
128,0.390138,0.564222
129,0.486191,0.59325
130,0.486191,0.59325
131,0.194716,0.493388
132,0.194716,0.493388
133,0.127634,0.276681
134,0.127634,0.276681
135,0.269256,0.397762
136,0.269256,0.397762
137,0.441137,0.513778
138,0.441137,0.513778
139,0.146731,0.432759
140,0.146731,0.432759
141,0.143937,0.250503
142,0.143937,0.250503
143,0.784766,0.388978
144,0.784766,0.388978
145,0.413172,0.461269
146,0.413172,0.461269
147,0.145919,0.349594
148,0.145919,0.349594
149,0.13695,0.277466
150,0.13695,0.277466
151,0.141116,0.281497
152,0.141116,0.281497
153,0.233016,0.299512
154,0.233016,0.299512
155,0.202956,0.408456
156,0.202956,0.408456
157,0.146931,0.332238
158,0.146931,0.332238
159,0.147141,0.338847
160,0.147141,0.338847
161,0.250947,0.306488
162,0.250947,0.306488
163,0.130141,0.343341
164,0.130141,0.343341
165,0.147584,0.374472
166,0.147584,0.374472
167,0.158028,0.299653
168,0.158028,0.299653
169,0.224087,0.366256
170,0.224087,0.366256
171,0.142641,0.356863
172,0.142641,0.356863
173,0.136572,0.305137
174,0.136572,0.305137
175,0.134763,0.542313
176,0.134763,0.542313
177,0.247503,0.319378
178,0.247503,0.319378
179,0.323184,0.487125
180,0.323184,0.487125
181,0.21485,0.440634
182,0.21485,0.440634
183,0.237016,0.385444
184,0.237016,0.385444
185,0.250506,0.397713
186,0.250506,0.397713
187,0.259769,0.414953
188,0.259769,0.414953
189,0.251569,0.371991
190,0.251569,0.371991
191,0.255087,0.419659
192,0.255087,0.419659
193,0.263631,0.390803
194,0.263631,0.390803
195,0.262525,0.366506
196,0.262525,0.366506
197,0.270663,0.381338
198,0.270663,0.381338
199,0.438506,0.299009
200,0.438506,0.299009
201,0.886915,0.440881
202,0.886915,0.440881
203,0.903531,0.596497
204,0.903531,0.596497
205,0.907822,0.653269
206,0.907822,0.653269
207,0.901272,0.628303
208,0.901272,0.628303
209,0.905528,0.657794
210,0.905528,0.657794
211,0.879369,0.5915
212,0.879369,0.5915
213,0.87556,0.514519
214,0.87556,0.514519
215,0.870663,0.531988
216,0.870663,0.531988
217,0.866728,0.567638
218,0.866728,0.567638
219,0.868497,0.719097
220,0.868497,0.719097
221,0.868572,0.78321
222,0.868572,0.78321
223,0.867322,0.688303
224,0.867322,0.688303
225,0.868631,0.715578
226,0.868631,0.715578
227,0.867228,0.662294
228,0.867228,0.662294
229,0.869722,0.699347
230,0.869722,0.699347
231,0.8714,0.752434
232,0.8714,0.752434
233,0.872425,0.641209
234,0.872425,0.641209
235,0.872381,0.783697
236,0.872381,0.783697
237,0.870078,0.80075
238,0.870078,0.80075
239,0.871003,0.703203
240,0.871003,0.703203
241,0.870669,0.647675
242,0.870669,0.647675
243,0.871153,0.651416
244,0.871153,0.651416
245,0.871109,0.749028
246,0.871109,0.749028
247,0.871822,0.769306
248,0.871822,0.769306
249,0.872809,0.593734
250,0.872809,0.593734
251,0.874431,0.391175
252,0.874431,0.391175
253,0.873762,0.768297
254,0.873762,0.768297
255,0.86885,0.431787
256,0.86885,0.431787
257,0.876681,0.379647
258,0.876681,0.379647
259,0.876869,0.730847
260,0.876869,0.730847
261,0.876769,0.706591
262,0.876769,0.706591
263,0.877016,0.646447
264,0.877016,0.646447
265,0.875944,0.566953
266,0.875944,0.566953
267,0.875188,0.731587
268,0.875188,0.731587
269,0.876106,0.668444
270,0.876106,0.668444
271,0.877353,0.749956
272,0.877353,0.749956
273,0.876122,0.673256
274,0.876122,0.673256
275,0.876659,0.662828
276,0.876659,0.662828
277,0.875737,0.664363
278,0.875737,0.664363
279,0.878941,0.524591
280,0.878941,0.524591
281,0.895934,0.6868
282,0.895934,0.6868
283,0.917959,0.83375
284,0.917959,0.83375
285,0.916266,0.854519
286,0.916266,0.854519
287,0.922569,0.819887
288,0.922569,0.819887
289,0.909056,0.814931
290,0.909056,0.814931
291,0.846766,0.801981
292,0.846766,0.801981
293,0.772312,0.779972
294,0.772312,0.779972
295,0.543609,0.687431
296,0.543609,0.687431
297,0.749494,0.664966
298,0.749494,0.664966
299,0.763572,0.760047
300,0.763572,0.760047
301,0.734585,0.793772
302,0.734585,0.793772
303,0.922037,0.790806
304,0.922037,0.790806
305,0.889528,0.7742
306,0.889528,0.7742
307,0.837197,0.757322
308,0.837197,0.757322
309,0.833444,0.7225
310,0.833444,0.7225
311,0.858453,0.710641
312,0.858453,0.710641
313,0.684941,0.654612
314,0.684941,0.654612
315,0.562053,0.573691
316,0.562053,0.573691
317,0.584684,0.569134
318,0.584684,0.569134
319,0.180463,0.448722
320,0.180463,0.448722
321,0.133894,0.280416
322,0.133894,0.280416
323,0.139316,0.309269
324,0.139316,0.309269
325,0.141503,0.307644
326,0.141503,0.307644
327,0.140234,0.310756
328,0.140234,0.310756
329,0.197212,0.330106
330,0.197212,0.330106
331,0.226834,0.414528
332,0.226834,0.414528
333,0.272081,0.431531
334,0.272081,0.431531
335,0.142031,0.394759
336,0.142031,0.394759
337,0.154478,0.364691
338,0.154478,0.364691
339,0.359484,0.411128
340,0.359484,0.411128
341,0.212231,0.421322
342,0.212231,0.421322
343,0.136259,0.292397
344,0.136259,0.292397
345,0.133834,0.509619
346,0.133834,0.509619
347,0.136169,0.515631
348,0.136169,0.515631
349,0.134031,0.553566
350,0.134031,0.553566
351,0.135428,0.522066
352,0.135428,0.522066
353,0.229591,0.340888
354,0.229591,0.340888
355,0.386284,0.419541
356,0.386284,0.419541
357,0.416875,0.503628
358,0.416875,0.503628
359,0.430394,0.548213
360,0.430394,0.548213
361,0.453641,0.551063
362,0.453641,0.551063
363,0.491413,0.542784
364,0.491413,0.542784
365,0.557519,0.520781
366,0.557519,0.520781
367,0.561384,0.435191
368,0.561384,0.435191
369,0.852872,0.440456
370,0.852872,0.440456
371,0.890338,0.591225
372,0.890338,0.591225
373,0.885694,0.676
374,0.885694,0.676
375,0.894188,0.662684
376,0.894188,0.662684
377,0.894672,0.528753
378,0.894672,0.528753
379,0.903475,0.614228
380,0.903475,0.614228
381,0.905785,0.456153
382,0.905785,0.456153
Time:57294