1,0.202448,0.129266
2,0.245194,0.316251
3,0.255857,0.332766
4,0.258284,0.338931
5,0.252056,0.311242
6,0.2541,0.309219
7,0.324582,0.322256
8,0.347334,0.304669
9,0.374882,0.357898
10,0.37422,0.357482
11,0.351627,0.331329
12,0.340323,0.385386
13,0.33419,0.322968
14,0.332667,0.378429
15,0.33525,0.343793
16,0.337562,0.394249
17,0.335974,0.323077
18,0.332754,0.366023
19,0.331776,0.351119
20,0.329729,0.355609
21,0.327139,0.454937
22,0.332341,0.353009
23,0.337132,0.338049
24,0.347661,0.264198
25,0.350375,0.313841
26,0.351822,0.292481
27,0.354721,0.322736
28,0.373618,0.263452
29,0.419168,0.368667
30,0.481203,0.305057
31,0.528339,0.410989
32,0.541187,0.381546
33,0.544549,0.487217
34,0.560883,0.512191
35,0.618523,0.422383
36,0.671364,0.473559
37,0.67563,0.398598
38,0.66621,0.381319
39,0.678219,0.469671
40,0.756398,0.366611
41,0.830039,0.382477
42,0.873955,0.264853
43,0.887117,0.349999
44,0.899402,0.378979
45,0.903014,0.33182
46,0.905998,0.355588
47,0.910029,0.327161
48,0.913656,0.431133
49,0.916283,0.713218
50,0.915416,0.660308
51,0.914113,0.742797
52,0.911931,0.666586
53,0.912204,0.458626
54,0.911278,0.332904
55,0.909052,0.326407
56,0.90957,0.485731
57,0.909565,0.642529
58,0.908866,0.498209
59,0.906696,0.647516
60,0.907207,0.659008
61,0.90917,0.504432
62,0.907155,0.539971
63,0.906,0.669654
64,0.906354,0.584049
65,0.907119,0.534709
66,0.906576,0.566405
67,0.90587,0.413699
68,0.906147,0.653534
69,0.905689,0.436614
70,0.904581,0.582145
71,0.904851,0.435399
72,0.905289,0.566791
73,0.905276,0.523216
74,0.905566,0.48187
75,0.9044,0.606921
76,0.904927,0.389891
77,0.906495,0.519959
78,0.90638,0.583902
79,0.90634,0.465016
80,0.905506,0.518756
81,0.90624,0.412513
82,0.906462,0.653433
83,0.905732,0.426272
84,0.905521,0.484974
85,0.904891,0.575894
86,0.9055,0.430634
87,0.90613,0.50003
88,0.907091,0.415641
89,0.907611,0.419429
90,0.907394,0.53653
91,0.906496,0.36928
92,0.908177,0.431246
93,0.908384,0.438034
94,0.907566,0.432629
95,0.907514,0.566991
96,0.907395,0.348733
97,0.908199,0.562084
98,0.90999,0.545261
99,0.917951,0.740373
100,0.920966,0.74283
101,0.93069,0.737385
102,0.935674,0.740064
103,0.923959,0.744689
104,0.924902,0.769233
105,0.920804,0.773793
106,0.922929,0.769597
107,0.921644,0.770555
108,0.927085,0.751066
109,0.934224,0.725179
110,0.92948,0.754582
111,0.930809,0.746054
112,0.91197,0.767059
113,0.901122,0.734779
114,0.884656,0.741349
115,0.875632,0.704339
116,0.844321,0.645142
117,0.658199,0.663351
118,0.499025,0.659757
119,0.510321,0.663897
120,0.471795,0.601709
121,0.425092,0.555577
122,0.411174,0.559817
123,0.376268,0.540516
124,0.302651,0.442592
125,0.314797,0.430404
126,0.362712,0.465891
127,0.41522,0.543531
128,0.523093,0.60242
129,0.460156,0.544365
130,0.297454,0.387161
131,0.184192,0.272206
132,0.132518,0.260642
133,0.127431,0.4706
134,0.147061,0.364543
135,0.319859,0.410236
136,0.544162,0.517127
137,0.370451,0.450913
138,0.214343,0.321451
139,0.143596,0.226546
140,0.140052,0.255269
141,0.160423,0.165429
142,0.377982,0.334656
143,0.75638,0.379619
144,0.769213,0.356805
145,0.389302,0.398419
146,0.251258,0.343506
147,0.148599,0.244344
148,0.136606,0.284489
149,0.137744,0.251434
150,0.137897,0.28254
151,0.142901,0.208841
152,0.168558,0.290861
153,0.233919,0.348776
154,0.234788,0.337494
155,0.200925,0.352228
156,0.170746,0.300232
157,0.147035,0.340093
158,0.152772,0.317881
159,0.143893,0.285968
160,0.217366,0.213173
161,0.227132,0.265079
162,0.143003,0.26014
163,0.156413,0.449208
164,0.192817,0.243788
165,0.147116,0.241675
166,0.14747,0.251324
167,0.155407,0.341009
168,0.174535,0.291454
169,0.231554,0.315053
170,0.211649,0.361471
171,0.145326,0.2997
172,0.136051,0.360609
173,0.136395,0.355778
174,0.136902,0.541104
175,0.135412,0.573408
176,0.179114,0.281841
177,0.288048,0.388323
178,0.35403,0.552988
179,0.303231,0.481838
180,0.232119,0.417169
181,0.215702,0.261405
182,0.214441,0.283943
183,0.240068,0.370234
184,0.255816,0.360821
185,0.256164,0.377302
186,0.265629,0.313278
187,0.258365,0.34531
188,0.253454,0.347306
189,0.252495,0.455058
190,0.253982,0.435597
191,0.255036,0.287838
192,0.254976,0.334262
193,0.26488,0.289147
194,0.264199,0.290448
195,0.262067,0.310766
196,0.265431,0.290998
197,0.274583,0.281893
198,0.323081,0.255199
199,0.489654,0.254388
200,0.742538,0.364204
201,0.880552,0.424396
202,0.906694,0.568913
203,0.905843,0.528519
204,0.911976,0.519284
205,0.906958,0.473152
206,0.906116,0.492157
207,0.900676,0.571295
208,0.905642,0.457739
209,0.902793,0.384239
210,0.889244,0.419247
211,0.879229,0.379672
212,0.879661,0.513971
213,0.876079,0.504731
214,0.870181,0.464971
215,0.870171,0.489809
216,0.868491,0.293861
217,0.866373,0.689552
218,0.866578,0.57225
219,0.868232,0.582909
220,0.869316,0.682427
221,0.868687,0.614917
222,0.867775,0.682911
223,0.868161,0.641762
224,0.868262,0.557641
225,0.868279,0.520199
226,0.86724,0.511323
227,0.867336,0.631926
228,0.868548,0.687854
229,0.869719,0.56095
230,0.871224,0.684603
231,0.871401,0.398971
232,0.872689,0.592164
233,0.872387,0.694099
234,0.872223,0.69893
235,0.872129,0.770779
236,0.871395,0.734598
237,0.870144,0.690864
238,0.87015,0.5546
239,0.871041,0.664793
240,0.870559,0.470718
241,0.870722,0.653325
242,0.87171,0.561021
243,0.871402,0.601896
244,0.871442,0.7194
245,0.871611,0.714499
246,0.872493,0.679978
247,0.871523,0.564363
248,0.872407,0.428643
249,0.872969,0.419349
250,0.873863,0.435189
251,0.874314,0.623093
252,0.874064,0.739824
253,0.873904,0.389199
254,0.872511,0.237102
255,0.869154,0.220456
256,0.876471,0.73188
257,0.876789,0.564688
258,0.876885,0.565207
259,0.876532,0.608116
260,0.875597,0.420648
261,0.876881,0.575692
262,0.876465,0.494808
263,0.876801,0.470342
264,0.876128,0.492291
265,0.876352,0.508317
266,0.875647,0.597427
267,0.876509,0.548935
268,0.876468,0.655934
269,0.875949,0.668234
270,0.875673,0.492799
271,0.877221,0.703085
272,0.877327,0.596349
273,0.876249,0.580629
274,0.877654,0.731701
275,0.876853,0.683559
276,0.876333,0.735877
277,0.876339,0.602042
278,0.877016,0.479093
279,0.880367,0.523612
280,0.887273,0.59827
281,0.897831,0.693897
282,0.911765,0.745516
283,0.919907,0.716111
284,0.918224,0.742151
285,0.909535,0.750539
286,0.908491,0.782464
287,0.917282,0.814516
288,0.911792,0.819859
289,0.892565,0.806831
290,0.864096,0.769557
291,0.836585,0.748128
292,0.793226,0.727497
293,0.761545,0.728754
294,0.650146,0.680364
295,0.561486,0.626636
296,0.692981,0.667884
297,0.750921,0.710356
298,0.769796,0.735846
299,0.766169,0.720949
300,0.706367,0.715016
301,0.772048,0.751511
302,0.881917,0.762668
303,0.920361,0.755294
304,0.91464,0.728698
305,0.886782,0.742404
306,0.840637,0.749445
307,0.845432,0.73437
308,0.857153,0.715544
309,0.799152,0.648481
310,0.819581,0.644134
311,0.858336,0.697999
312,0.814169,0.674373
313,0.631591,0.610783
314,0.533596,0.550342
315,0.627366,0.570393
316,0.721632,0.632174
317,0.549133,0.552719
318,0.291974,0.463504
319,0.167496,0.324764
320,0.13765,0.244662
321,0.134513,0.277044
322,0.137311,0.292529
323,0.139643,0.323166
324,0.141961,0.208203
325,0.141381,0.291891
326,0.141443,0.256236
327,0.140203,0.284598
328,0.138455,0.395356
329,0.206479,0.30178
330,0.279141,0.387686
331,0.200498,0.328644
332,0.199686,0.316756
333,0.264138,0.480665
334,0.199026,0.371401
335,0.148277,0.302856
336,0.153404,0.241831
337,0.152528,0.267938
338,0.225541,0.311882
339,0.363426,0.388119
340,0.28804,0.369664
341,0.198109,0.300062
342,0.145681,0.272679
343,0.135234,0.574832
344,0.134944,0.524352
345,0.135176,0.590525
346,0.135387,0.619425
347,0.135794,0.579331
348,0.135129,0.615426
349,0.134558,0.563121
350,0.136365,0.583742
351,0.139744,0.384575
352,0.220998,0.278914
353,0.238824,0.296433
354,0.314039,0.339095
355,0.379507,0.414886
356,0.375298,0.376413
357,0.402263,0.428994
358,0.457753,0.466789
359,0.429361,0.49923
360,0.422547,0.412149
361,0.452592,0.445221
362,0.470796,0.387672
363,0.497691,0.39415
364,0.545198,0.467951
365,0.555456,0.436316
366,0.542909,0.394231
367,0.587387,0.35172
368,0.768383,0.346966
369,0.84792,0.390371
370,0.887429,0.462859
371,0.889956,0.504583
372,0.886555,0.483473
373,0.887442,0.544689
374,0.895294,0.571272
375,0.893052,0.4568
376,0.892317,0.527013
377,0.896742,0.285934
378,0.902038,0.332892
379,0.904131,0.400089
380,0.904662,0.339291
381,0.905043,0.545774
382,0.906986,0.654615
Time:137695